9207923
36057755
31143273
49819201
22326822
22757897
-32357672
-12419648
-3802567
-37382727
15388863
43064050
-42479758
4436314
2439672
15687095
42521669
-30796115
41861623
-3292051
19125595
21483576
46188838
-22680293
12069663
-16298508
32122828
-28286316
-15420281
44535556
-49298304
-7439126
-8496953
-30596791
47208979
-21997801
-24021286
45472645
-31283650
-35498498
-4269590
37784132
-49776703
10702130
25003530
43362484
32873462
-9746382
9970905
-14188044
24209691
-27982698
-15848669
25918449
2865841
-43018318
38642908
18206864
40820478
12485395
27765566
-43544193
26833668
-7623681
-43275275
-48454940
12779893
24890234
-5099745
-35534558
2561435
-24499012
10449728
6036850
6906972
-3045227